     |  'а'|  'б'|  'в'|  'г'|  'д'|  'е'|  'ж'|  'з'|  'и'|  'й'|  'к'|  'л'|  'м'|  'н'|  'о'|  'п'|  'р'|  'с'|  'т'|  'у'|  'ф'|  'х'|  'ц'|  'ч'|  'ш'|  'щ'|  'ь'|  'ю'|  'я'|  'є'|  'і'|  'ї'
  'а'|  486| 2439|10171| 1811| 3837|  131| 1237| 4265|    0| 3146| 4514| 8449| 4565| 6108|  565| 3995| 4135| 5012| 5960|  402|  302| 1990|  814| 2063|  733|  690|    0| 1548|  710| 1607|  518|  271
  'б'| 2688|  151|  127|   42|   43| 2867|    4|   90| 2096|   24|  141| 1363|   55|  366| 2174|  137| 1154|  144|  121| 4007|    0|   30|   32|   13|   34|   12|    1|   33|   36|   40| 3527|    9
  'в'| 6453| 1172| 1184|  688| 1437| 3464|  807| 1027| 6450|  387| 1001|  904|  677| 2668| 7578| 1559|  795| 4293| 1416| 2218|   40|  292|  277|  528|  659|  624|    1|   33|  785|   13|10986|  296
  'г'| 2837|   84|   76|  129|   52| 1024|    0|   56|  398|    7|  120| 1202|   29|  658| 9112|   88|  963|   68|  131|  987|   16|    6|   12|    9|   40|    7|    0|    1|   12|    2|  503|    7
  'д'| 3181|  304| 1257|  133| 1127| 2515| 1031|  342| 3680|   46|  749|  614|  231| 2484| 5069|  535| 1115|  606|  437| 2217|   14|   98|  333|  512|  128|   22|  366|   89|  450|    4| 3554|   47
  'е'|  265| 2089| 3668|  758| 2819|   92|  761| 2354|    2| 1408| 1330| 1918| 2225| 7812|  527| 2468| 8497| 2114| 2520|  153|  147|  345|  505|  913|  665|  644|    0|  207|  573|   96|  166|  409
  'ж'|  988|  127|  130|   28|  314| 2483|   27|  103|  993|   15|  355|  209|  105| 1011|  575|  138|   38|   68|  115|  542|    6|   18|   40|  154|    5|    6|    0|    0|   49|    2|  321|   12
  'з'| 7320|  665| 1545|  417| 1246|  426|   68|  313|  696|   88|  561|  512|  657| 2787|  834|  823|  785|  292|  499| 1244|   18|   56|  128|  153|   53|   16|  302|   18|  381|   20| 1116|   75
  'и'|  461| 1560| 8560| 1240| 2067|  101|  503| 2152|    8| 4489| 3078| 3551| 5269| 5506|  501| 2735| 1986| 5343| 5377|  238|  118| 2670|  845| 1484| 1130|  841|    0|   49|  762|  122|  382|  382
  'й'|  177|  621|  736|  285|  793|   51|  292|  640|    0|   66| 1082|  286|  728| 1229| 3035|  991|  347| 1213|  640|  259|   84|  175|  154|  217|  531|  134|    0|    2|  150|   23|  229|   28
  'к'| 6668|  373|  777|  148|  239|  897|   28|  340| 5110|   71|  267| 1279|  196| 1125| 7506|  421| 2407|  697|  797| 3919|   11|   74|  126|   73|   86|  529|    5|    1|  183|    3| 2905|   41
  'л'| 6941|   57|  200|   26|  121| 3662|    2|  127| 8734|   13|  309| 1576|   61|   98| 7168|  178|   28|   92|  148|  952|   11|   23|   32|   16|    7|   16| 3258| 1226| 2897|    5| 3865|    6
  'м'| 5329|  487|  687|  187|  376| 2522|   58|  560| 3602|   85|  621|  341|  419| 1130| 4061|  898|  396|  542|  517| 3574|   51|  122|  101|  205|   59|  195|    1|   27|  696|   23| 3805|   38
  'н'|13440|  402|  546|  404|  791| 7328|   25|  699| 6908|   35| 1033|  190|  239| 2532| 7529|  836|  673|  982| 1030| 4559|   34|   78|  516|  349|  528|   75| 2008|  317| 2171|   94| 6401|   48
  'о'|  417| 5706|10882| 8525| 6073|  127| 2078| 4291|    2| 1298| 3985| 5616| 7735| 6758|  681| 3890| 5715| 6728| 5335|  410|  182| 1135|  710| 2859|  582|  660|    0| 2139| 1198|  401|  318| 1861
  'п'| 2430|   66|   17|    2|   12| 2975|    0|    4| 1812|    4|  117| 1106|    7|  302| 9840|  189| 5676|  100|  397|  839|    1|   26|  155|  203|    9|    4|    0|    8|  302|   16| 2645|    2
  'р'| 6233|  259|  562|  257|  606| 4565|   88|  275| 5539|   78|  747|  773|  370| 1550| 9168|  220|  494|  431| 1157| 3193|   35|  169|  172|  121|  632|   22|   54|  204|  952|   28| 4965|   24
  'с'| 1554|   84| 1494|   20|   83| 1854|    3|   81| 1559|   17| 2608| 1299|  881| 1363| 1667| 2043|  136|  346| 8415|  974|   32|  418|  316|   19|   62|   12| 3416|  173| 7587|    9| 1862|    8
  'т'| 8246|  112|  906|   41|   92| 3886|   51|   99| 8618|   20|  711|  331|  131|  966| 7672|  151| 3604|  210|  762| 2134|   25|   51|   50|  122|   12|   33| 4517|  220|  944|   67| 3527|   11
  'у'|  366| 1216| 6192|  707| 2048|   72|  872| 1201|    2|  452| 1850| 3701| 2078| 1687|  196| 2017| 1288| 2835| 2880|  152|  103|  781|  250|  753|  507|  445|    0|  405|  467|  419|  280|  104
  'ф'|  193|   10|    4|    2|    2|  120|    0|    5|    8|    0|   11|   46|    4|    4|  432|   10|  165|   20|   19|  160|   17|    1|    2|    5|    5|    2|    0|    5|    2|    0|  356|    0
  'х'| 1268|  196|  604|   98|  252|  186|   36|  240|  620|   31|  241|  671|  251|  905| 2181|  400|  328|  287|  645|  472|   41|  106|   38|   79|   63|   48|    0|    8|   88|    4|  574|   17
  'ц'|   82|    1|   43|    0|    1| 2158|    0|    5|  299|    2|    5|    0|    1|   77|   15|    6|    0|    6|   26|   62|    0|    0|   30|    0|    0|    0|  816|  301|  856|    0| 2043|    0
  'ч'| 2287|   22|   85|    5|   22| 2013|    1|   31| 3945|    5|  603|   37|   17|  961| 1215|   39|   16|   17|   40| 1319|    4|   16|   46|  375|    5|    9|    0|   12|  271|    1| 1694|    2
  'ш'|  602|   35|  267|   16|   35| 1494|    6|   77| 1743|   15|  766|  441|  125|  421|  777|  180|   37|  153|  786|  457|    1|   15|   45|    9|   31|   37|    1|    3|   56|    3|  372|   16
  'щ'|  287|    3|    0|    0|    0| 1011|    0|    0|  201|    0|    0|    0|    1|    3| 4640|    5|    1|    0|    5|   92|    0|    0|    0|    0|    0|   13|    0|    0|    1|    0|  148|    0
  'ь'|  139|  357|  522|  145|  404|   27|   46|  446|    0|  113| 2560|  102|  550| 1860| 2211|  607|  209| 1620|  577|  338|   56|  103|  288|  205|  373|  157|    0|   85|  266|   28|  332|   72
  'ю'|  159|  361|  822|  129|  634|   29|   76|  303|    0|  186|  283|   94|  224|  294|   90|  435|  245|  442|  921|   63|   23|   59|   88| 1252|   61|  240|    0|   74|  181|   96|  169|   37
  'я'|  273|  604| 2490|  750| 1284|   80|   93| 1315|    1|  467| 5007|  559| 1171| 2225|  261| 1124|  452| 1009| 2296|  219|   33|  347|  273|  793|  150|  384|    0|  119|  370|  136|  373|  123
  'є'|   32|   90|  252|   39|  238|   14|   19|   97|    0|   55|   54|   26|  366|  177|   50|  152|  102|  155|  756|   17|    3|   27|   33|   33|  343|   83|    0|  183|   60|    4|   43|  250
  'і'|  567| 1591| 5924| 1258| 5848|  171|  691| 2904|    1| 2398| 2318| 4744| 2114| 7314|  696| 2135| 1907| 4188| 3520|  243|  116|  723|  438| 1966| 1212|  480|    0|  281| 1148|  491|  365|  480
  'ї'|   69|  180|  342|  104|  240|   15|   83|  222|    0|  252|  229|   91|  373|  228|   94|  292|  123|  326|  228|   49|   18|  792|   33|   51|   72|   40|    0|    0|   57|    9|   78|  796
