     |  'а'|  'б'|  'в'|  'г'|  'д'|  'е'|  'ж'|  'з'|  'и'|  'й'|  'к'|  'л'|  'м'|  'н'|  'о'|  'п'|  'р'|  'с'|  'т'|  'у'|  'ф'|  'х'|  'ц'|  'ч'|  'ш'|  'щ'|  'ь'|  'ю'|  'я'|  'є'|  'і'|  'ї'
  'а'|  973| 4912|20564| 3588| 7535|  262| 2516| 8477|    0| 6250| 9039|16819| 9142|12305| 1166| 7921| 8149| 9984|11977|  778|  586| 4058| 1648| 4027| 1447| 1438|    0| 3158| 1363| 3289|  970|  571
  'б'| 5253|  285|  259|   75|   92| 5690|   12|  159| 4194|   45|  309| 2768|  109|  734| 4320|  253| 2309|  286|  225| 8043|    0|   62|   63|   20|   67|   20|    2|   57|   60|   78| 7107|   29
  'в'|13044| 2400| 2339| 1433| 2895| 6987| 1671| 2017|12862|  781| 2082| 1816| 1305| 5329|15057| 3024| 1611| 8541| 2883| 4373|   74|  620|  582| 1048| 1345| 1236|    1|   75| 1641|   33|22057|  622
  'г'| 5623|  169|  173|  276|   96| 1990|    1|  107|  797|   19|  220| 2314|   50| 1326|18206|  157| 1958|  135|  247| 1952|   23|    7|   24|   14|   81|   17|    0|    3|   26|    3| 1000|   16
  'д'| 6284|  581| 2518|  271| 2246| 5092| 1970|  672| 7394|   79| 1539| 1201|  437| 4881|10211| 1144| 2262| 1195|  849| 4407|   24|  185|  658| 1009|  264|   47|  739|  170|  912|    9| 7086|   90
  'е'|  525| 4220| 7288| 1517| 5781|  189| 1526| 4666|    4| 2787| 2679| 3857| 4423|15584| 1025| 4865|16859| 4248| 5090|  282|  320|  719| 1013| 1824| 1348| 1352|    0|  424| 1090|  182|  317|  806
  'ж'| 1955|  272|  275|   48|  618| 4942|   55|  229| 1935|   30|  680|  434|  191| 2050| 1161|  284|   84|  159|  232| 1092|   10|   33|   69|  300|    9|   18|    0|    0|   95|    6|  672|   25
  'з'|14773| 1325| 3080|  914| 2418|  853|  139|  651| 1433|  185| 1145| 1027| 1317| 5744| 1693| 1649| 1597|  611|  925| 2521|   45|  108|  246|  303|  105|   31|  638|   40|  849|   33| 2230|  150
  'и'|  909| 3077|16876| 2480| 4235|  200|  987| 4283|   17| 9028| 6134| 7080|10587|10973|  984| 5461| 3938|10635|10610|  490|  220| 5303| 1742| 2879| 2297| 1698|    0|   78| 1544|  242|  812|  738
  'й'|  335| 1236| 1439|  595| 1532|  103|  556| 1215|    0|  114| 2218|  562| 1428| 2561| 6271| 1949|  720| 2436| 1251|  526|  176|  325|  273|  429| 1084|  267|    0|    3|  307|   34|  467|   59
  'к'|13467|  754| 1465|  285|  472| 1786|   59|  653|10303|  156|  517| 2644|  378| 2263|14971|  853| 4800| 1377| 1607| 7702|   26|  143|  247|  168|  198| 1010|    8|    8|  398|    9| 5757|   74
  'л'|13838|  128|  376|   55|  247| 7174|    3|  252|17631|   24|  625| 3210|  142|  180|14516|  348|   67|  191|  312| 1905|   26|   47|   50|   35|   13|   27| 6568| 2491| 5818|   13| 7564|   10
  'м'|10530|  942| 1366|  385|  741| 5118|  120| 1081| 7213|  153| 1254|  708|  802| 2305| 8244| 1794|  777| 1140| 1005| 7189|  100|  228|  207|  437|  128|  361|    1|   44| 1392|   35| 7700|   70
  'н'|26923|  817| 1055|  837| 1517|14886|   57| 1385|13814|   72| 2069|  367|  471| 5057|14785| 1676| 1319| 1952| 2054| 9081|   66|  172| 1049|  689| 1047|  137| 3985|  643| 4375|  185|12771|   96
  'о'|  786|11434|21690|17090|12282|  246| 4110| 8442|    3| 2669| 7807|11071|15422|13543| 1335| 7765|11419|13500|10618|  817|  382| 2312| 1433| 5740| 1236| 1285|    0| 4391| 2405|  755|  673| 3756
  'п'| 5036|  136|   29|   10|   19| 6045|    0|   10| 3673|    5|  257| 2213|   20|  597|19640|  393|11547|  206|  763| 1627|    3|   57|  299|  397|   16|   10|    0|   20|  593|   29| 5312|    2
  'р'|12453|  543| 1166|  450| 1273| 9051|  177|  505|11101|  146| 1536| 1547|  722| 3128|18249|  443| 1003|  867| 2411| 6371|   60|  341|  360|  250| 1248|   50|  113|  423| 1846|   63| 9820|   44
  'с'| 3093|  161| 2976|   48|  149| 3656|    6|  138| 3118|   34| 5092| 2567| 1819| 2807| 3413| 4101|  283|  697|16728| 1923|   64|  841|  628|   38|  113|   26| 6865|  367|15277|   16| 3675|   15
  'т'|16472|  221| 1860|   78|  207| 7780|   95|  190|17263|   34| 1426|  662|  255| 1926|15334|  288| 7326|  420| 1535| 4387|   45|  109|  124|  229|   26|   60| 8938|  423| 1855|  122| 7087|   18
  'у'|  712| 2500|12277| 1401| 4048|  150| 1791| 2435|    6|  960| 3643| 7364| 4203| 3346|  422| 3976| 2604| 5759| 5794|  302|  214| 1571|  493| 1529| 1026|  876|    0|  817|  952|  823|  582|  214
  'ф'|  388|   21|    5|    3|    7|  260|    0|    6|   29|    1|   17|   91|   12|    9|  800|   15|  326|   31|   45|  311|   35|    2|    7|    9|    7|    2|    0|   11|    4|    0|  698|    0
  'х'| 2525|  386| 1155|  201|  514|  381|   73|  470| 1270|   55|  480| 1354|  472| 1812| 4309|  794|  617|  554| 1299|  915|   75|  241|   67|  169|  122|   87|    0|   14|  158|   13| 1105|   37
  'ц'|  158|    1|   80|    0|    3| 4341|    0|    5|  565|    2|    8|    0|    7|  150|   26|    9|    0|    9|   73|  115|    0|    0|   55|    1|    1|    0| 1684|  584| 1797|    0| 4042|    1
  'ч'| 4585|   45|  153|    9|   32| 4100|    1|   62| 8052|    5| 1238|   81|   51| 1993| 2493|   67|   24|   46|   76| 2699|    9|   29|   91|  737|    5|   17|    0|   24|  558|    1| 3363|    3
  'ш'| 1193|   66|  537|   31|   73| 2914|   11|  138| 3462|   30| 1531|  889|  248|  836| 1552|  326|   79|  276| 1503|  917|    4|   21|   84|   28|   70|   86|    2|    7|   97|    4|  761|   23
  'щ'|  539|    3|    3|    0|    1| 1958|    0|    2|  395|    0|    1|    3|    3|    6| 9445|    6|    4|    2|    6|  198|    0|    0|    0|    0|    0|   21|    0|    0|    2|    0|  293|    0
  'ь'|  290|  701| 1106|  299|  806|   56|   85|  859|    0|  231| 5142|  206| 1106| 3647| 4384| 1205|  425| 3221| 1189|  700|  140|  202|  533|  378|  778|  315|    0|  178|  507|   63|  652|  140
  'ю'|  295|  694| 1608|  274| 1230|   58|  161|  623|    0|  329|  555|  169|  461|  611|  169|  843|  482|  864| 1849|  135|   49|  145|  170| 2377|  118|  431|    0|  177|  352|  188|  359|   65
  'я'|  584| 1229| 4907| 1519| 2558|  139|  196| 2648|    2|  885|10153| 1137| 2316| 4372|  530| 2218|  914| 1903| 4710|  418|   77|  729|  500| 1508|  319|  790|    0|  251|  689|  289|  732|  220
  'є'|   69|  161|  528|   82|  457|   28|   39|  206|    0|  100|  125|   51|  727|  365|   94|  283|  207|  307| 1497|   43|   13|   45|   68|   76|  703|  157|    0|  365|  120|   10|   82|  511
  'і'| 1155| 3222|11918| 2548|11857|  343| 1381| 5777|    1| 4731| 4589| 9483| 4165|14504| 1406| 4273| 3790| 8539| 6974|  495|  234| 1521|  865| 3914| 2448|  950|    0|  592| 2256|  978|  751|  994
  'ї'|  147|  343|  712|  228|  485|   32|  165|  415|    0|  531|  448|  191|  779|  465|  206|  582|  260|  643|  458|   76|   52| 1548|   69|   87|  130|   69|    0|    3|  104|   14|  157| 1559
